0.7743
0.7743
0.7723
0.7720
0.7703
0.7717
0.7743
0.7727
0.7710
0.7713
0.7723
0.7730
0.7723
0.7727
0.7723
0.7737
0.7710
0.7733
0.7703
0.7703
0.7717
0.7743
0.7730
0.7723
0.7743
0.7740
0.7727
0.7723
0.7727
0.7733
0.7737
0.7737
0.7737
0.7740
0.7733
0.7757
0.7723
0.7737
0.7730
0.7720
0.7720
0.7733
0.7713
0.7723
0.7730
0.7743
0.7723
0.7723
0.7723
0.7723
0.7707
0.7733
0.7727
0.7723
0.7737
0.7707
0.7720
0.7730
0.7710
0.7700
0.7723
0.7730
0.7713
0.7727
0.7723
0.7740
0.7717
0.7740
0.7740
0.7730
0.7740
0.7737
0.7740
0.7717
0.7757
0.7723
0.7733
0.7757
0.7727
0.7750